{
    "cameraMatrix": {
        "type_id": "opencv-matrix",
        "rows": 3,
        "cols": 3,
        "dt": "d",
        "data": [ 8.9355112821604746e+02, 0.0, 5.2404566647943818e+02,
            0.0, 9.3074866083892334e+02, 3.0108705242990919e+02, 0.0,
            0.0, 1.0 ]
    },
    "distCoeffs": {
        "type_id": "opencv-matrix",
        "rows": 5,
        "cols": 1,
        "dt": "d",
        "data": [ 5.5454823466200165e-01, -1.3516243214798289e+00,
            -2.4271962879405987e-02, 1.3688386892301807e-01,
            1.5899504147304868e+00 ]
    }
}
