{
    "cameraMatrix": {
        "type_id": "opencv-matrix",
        "rows": 3,
        "cols": 3,
        "dt": "d",
        "data": [ 5.9260776905660282e+02, 0.0, 3.6796701663169176e+02,
            0.0, 6.3934969247692470e+02, 3.5732266291621261e+02, 0.0,
            0.0, 1.0 ]
    },
    "distCoeffs": {
        "type_id": "opencv-matrix",
        "rows": 5,
        "cols": 1,
        "dt": "d",
        "data": [ -1.0569198703352928e-02, 9.1810782154024315e-02,
            -3.7432362600818253e-02, 3.9478697571789859e-02,
            8.5372932578668931e-02 ]
    }
}
