{
    "cameraMatrix": {
        "type_id": "opencv-matrix",
        "rows": 3,
        "cols": 3,
        "dt": "d",
        "data": [ 7.4044568707076337e+02, 0.0, 4.9622789353745827e+02,
            0.0, 8.2559140854632199e+02, 3.1221887642229632e+02, 0.0,
            0.0, 1.0 ]
    },
    "distCoeffs": {
        "type_id": "opencv-matrix",
        "rows": 5,
        "cols": 1,
        "dt": "d",
        "data": [ 8.4923711797491669e-02, -2.2679583073895759e-01,
            -4.0689796156899626e-02, 7.0623909491868211e-02,
            3.1250711845721330e-01 ]
    }
}
